id,full_name,abbreviation,nickname,city,state,year_founded,TEAM_NAME,TEAM_ID,GP,W,L,W_PCT,MIN,SEASON,E_OFF_RATING,E_DEF_RATING,E_NET_RATING,E_PACE,E_AST_RATIO,E_OREB_PCT,E_DREB_PCT,E_REB_PCT,E_TM_TOV_PCT,GP_RANK,W_RANK,L_RANK,W_PCT_RANK,MIN_RANK,E_OFF_RATING_RANK,E_DEF_RATING_RANK,E_NET_RATING_RANK,E_AST_RATIO_RANK,E_OREB_PCT_RANK,E_DREB_PCT_RANK,E_REB_PCT_RANK,E_TM_TOV_PCT_RANK,E_PACE_RANK
1610612737,atlanta hawks,atl,hawks,atlanta,georgia,1949,atlanta hawks,1610612737,75,35,40,0.467,3625.0,2023-24,115.1,116.6,-1.5,102.6,18.4,0.276,0.746,0.502,0.128,4,21,20,21,7,9,27,21,21,4,24,15,11,5
1610612737,atlanta hawks,atl,hawks,atlanta,georgia,1949,atlanta hawks,1610612737,82,41,41,0.5,3971.0,2022-23,113.9,113.6,0.3,103.1,17.6,0.251,0.758,0.502,0.124,1,17,17,17,8,7,22,16,22,8,19,15,3,9
1610612737,atlanta hawks,atl,hawks,atlanta,georgia,1949,atlanta hawks,1610612737,82,43,39,0.524,3941.0,2021-22,114.0,112.1,1.9,100.0,18.1,0.23,0.769,0.501,0.119,1,16,16,16,30,1,26,12,14,16,16,15,1,19
1610612737,atlanta hawks,atl,hawks,atlanta,georgia,1949,atlanta hawks,1610612737,72,41,31,0.569,3481.0,2020-21,113.0,110.6,2.5,99.9,17.6,0.244,0.778,0.517,0.132,1,11,11,11,11,8,19,9,20,4,16,6,11,23
1610612737,atlanta hawks,atl,hawks,atlanta,georgia,1949,atlanta hawks,1610612737,67,20,47,0.299,3256.0,2019-20,104.3,112.3,-8.0,105.6,16.9,0.216,0.749,0.479,0.151,23,26,28,27,23,26,28,28,22,21,29,28,28,5
1610612738,boston celtics,bos,celtics,boston,massachusetts,1946,boston celtics,1610612738,75,59,16,0.787,3630.0,2023-24,120.2,109.2,11.0,99.5,19.2,0.249,0.765,0.518,0.119,4,1,1,1,6,1,3,1,14,12,10,5,2,21
1610612738,boston celtics,bos,celtics,boston,massachusetts,1946,boston celtics,1610612738,82,57,25,0.695,3996.0,2022-23,115.7,108.8,7.0,100.6,19.1,0.221,0.785,0.507,0.131,1,2,2,2,1,2,3,1,5,25,1,9,8,21
1610612738,boston celtics,bos,celtics,boston,massachusetts,1946,boston celtics,1610612738,82,51,31,0.622,3981.0,2021-22,112.1,104.0,8.1,99.0,18.2,0.24,0.773,0.513,0.137,1,6,6,6,2,5,2,1,10,8,11,7,14,24
1610612738,boston celtics,bos,celtics,boston,massachusetts,1946,boston celtics,1610612738,72,36,36,0.5,3476.0,2020-21,111.0,110.0,0.9,100.7,17.1,0.243,0.781,0.51,0.139,1,16,16,16,16,11,15,15,26,5,13,10,18,20
1610612738,boston celtics,bos,celtics,boston,massachusetts,1946,boston celtics,1610612738,72,48,24,0.667,3486.0,2019-20,110.4,104.5,6.0,101.9,16.7,0.239,0.774,0.51,0.134,11,5,5,5,13,5,4,3,25,8,17,9,7,16
1610612739,cleveland cavaliers,cle,cavaliers,cleveland,ohio,1970,cleveland cavaliers,1610612739,75,45,30,0.6,3625.0,2023-24,112.9,109.5,3.5,99.3,20.1,0.232,0.768,0.505,0.135,4,7,8,8,7,17,4,8,5,20,7,13,20,25
1610612739,cleveland cavaliers,cle,cavaliers,cleveland,ohio,1970,cleveland cavaliers,1610612739,82,51,31,0.622,3976.0,2022-23,113.7,107.7,6.0,98.0,18.6,0.236,0.763,0.499,0.135,1,5,5,5,5,8,1,2,11,17,14,18,12,30
1610612739,cleveland cavaliers,cle,cavaliers,cleveland,ohio,1970,cleveland cavaliers,1610612739,82,44,38,0.537,3946.0,2021-22,109.4,107.0,2.4,98.4,18.7,0.24,0.765,0.508,0.146,1,14,14,14,24,18,7,10,7,9,18,10,27,26
1610612739,cleveland cavaliers,cle,cavaliers,cleveland,ohio,1970,cleveland cavaliers,1610612739,72,22,50,0.306,3486.0,2020-21,103.1,112.1,-8.9,99.6,17.5,0.236,0.766,0.494,0.154,1,26,26,26,6,28,26,28,21,7,26,18,29,24
1610612739,cleveland cavaliers,cle,cavaliers,cleveland,ohio,1970,cleveland cavaliers,1610612739,65,19,46,0.292,3145.0,2019-20,104.4,113.6,-9.2,100.9,16.8,0.246,0.774,0.508,0.161,26,28,26,29,27,25,30,30,23,3,16,14,30,23
1610612740,new orleans pelicans,nop,pelicans,new orleans,louisiana,2002,new orleans pelicans,1610612740,75,45,30,0.6,3605.0,2023-24,115.0,109.8,5.2,100.2,19.4,0.247,0.767,0.511,0.129,4,7,8,8,18,10,7,4,10,14,8,9,13,17
1610612740,new orleans pelicans,nop,pelicans,new orleans,louisiana,2002,new orleans pelicans,1610612740,82,42,40,0.512,3971.0,2022-23,111.8,109.9,1.9,101.4,18.5,0.247,0.774,0.511,0.143,1,15,15,15,8,20,6,13,12,12,6,7,21,16
1610612740,new orleans pelicans,nop,pelicans,new orleans,louisiana,2002,new orleans pelicans,1610612740,82,36,46,0.439,3951.0,2021-22,109.0,110.5,-1.5,99.7,18.1,0.269,0.782,0.52,0.14,1,20,20,20,19,20,20,21,13,3,7,3,21,21
1610612740,new orleans pelicans,nop,pelicans,new orleans,louisiana,2002,new orleans pelicans,1610612740,72,31,41,0.431,3486.0,2020-21,110.8,111.6,-0.7,102.3,18.3,0.263,0.8,0.531,0.141,1,21,21,21,6,13,23,19,11,1,2,1,21,9
1610612740,new orleans pelicans,nop,pelicans,new orleans,louisiana,2002,new orleans pelicans,1610612740,72,30,42,0.417,3486.0,2019-20,108.0,109.4,-1.4,106.3,18.4,0.242,0.778,0.509,0.153,11,21,21,21,13,17,18,20,7,5,11,11,29,2
1610612741,chicago bulls,chi,bulls,chicago,illinois,1966,chicago bulls,1610612741,76,36,40,0.474,3703.0,2023-24,112.1,113.2,-1.0,98.6,18.2,0.247,0.762,0.5,0.122,1,20,20,20,1,19,18,20,24,13,12,17,4,28
1610612741,chicago bulls,chi,bulls,chicago,illinois,1966,chicago bulls,1610612741,82,40,42,0.488,3981.0,2022-23,111.7,109.4,2.3,100.6,18.1,0.201,0.778,0.494,0.132,1,19,19,19,4,21,5,9,17,28,2,20,9,21
1610612741,chicago bulls,chi,bulls,chicago,illinois,1966,chicago bulls,1610612741,82,46,36,0.561,3946.0,2021-22,111.0,111.1,-0.1,100.4,17.8,0.204,0.783,0.495,0.128,1,12,12,12,24,12,23,19,17,28,4,17,7,17
1610612741,chicago bulls,chi,bulls,chicago,illinois,1966,chicago bulls,1610612741,72,31,41,0.431,3476.0,2020-21,108.7,109.9,-1.2,101.1,19.2,0.223,0.803,0.516,0.149,1,21,21,21,16,20,13,20,8,15,1,7,27,14
1610612741,chicago bulls,chi,bulls,chicago,illinois,1966,chicago bulls,1610612741,65,22,43,0.338,3135.0,2019-20,104.1,107.7,-3.6,101.9,16.9,0.228,0.756,0.479,0.151,26,24,23,24,29,27,15,22,21,13,26,29,26,16
1610612742,dallas mavericks,dal,mavericks,dallas,texas,1980,dallas mavericks,1610612742,74,45,29,0.608,3552.0,2023-24,116.1,113.3,2.8,102.5,18.5,0.223,0.748,0.487,0.12,20,7,7,7,30,6,19,11,20,24,22,25,3,7
1610612742,dallas mavericks,dal,mavericks,dallas,texas,1980,dallas mavericks,1610612742,82,38,44,0.463,3986.0,2022-23,114.3,114.0,0.3,98.8,17.4,0.18,0.755,0.464,0.122,1,21,21,21,3,6,24,16,24,30,21,30,2,28
1610612742,dallas mavericks,dal,mavericks,dallas,texas,1980,dallas mavericks,1610612742,82,52,30,0.634,3951.0,2021-22,110.5,106.8,3.7,97.5,17.8,0.213,0.78,0.496,0.128,1,5,5,5,19,14,6,7,18,24,8,16,8,30
1610612742,dallas mavericks,dal,mavericks,dallas,texas,1980,dallas mavericks,1610612742,72,42,30,0.583,3461.0,2020-21,112.9,110.4,2.5,99.5,17.2,0.211,0.778,0.496,0.121,1,8,8,8,24,9,17,9,23,23,17,15,3,25
1610612742,dallas mavericks,dal,mavericks,dallas,texas,1980,dallas mavericks,1610612742,75,43,32,0.573,3635.0,2019-20,113.7,109.5,4.2,101.7,17.7,0.232,0.777,0.508,0.123,1,12,13,13,1,1,19,6,14,11,14,13,2,18
1610612743,denver nuggets,den,nuggets,denver,colorado,1976,denver nuggets,1610612743,75,52,23,0.693,3605.0,2023-24,115.5,111.1,4.4,98.9,20.8,0.258,0.755,0.513,0.127,4,2,3,3,18,7,10,5,2,6,18,8,10,27
1610612743,denver nuggets,den,nuggets,denver,colorado,1976,denver nuggets,1610612743,82,53,29,0.646,3951.0,2022-23,115.0,111.7,3.3,100.3,20.5,0.248,0.764,0.513,0.144,1,4,4,4,25,4,17,5,1,11,12,5,23,23
1610612743,denver nuggets,den,nuggets,denver,colorado,1976,denver nuggets,1610612743,82,48,34,0.585,3961.0,2021-22,111.7,110.3,1.4,99.9,20.0,0.219,0.783,0.51,0.144,1,10,10,10,8,6,18,14,1,20,6,9,25,20
1610612743,denver nuggets,den,nuggets,denver,colorado,1976,denver nuggets,1610612743,72,47,25,0.653,3496.0,2020-21,114.2,110.0,4.2,99.3,19.3,0.247,0.789,0.519,0.134,1,5,5,5,1,7,14,7,4,2,7,4,15,26
1610612743,denver nuggets,den,nuggets,denver,colorado,1976,denver nuggets,1610612743,73,46,27,0.63,3549.0,2019-20,110.1,108.6,1.5,99.5,19.1,0.248,0.768,0.509,0.136,3,6,6,6,3,8,17,13,2,2,19,12,9,29
1610612744,golden state warriors,gsw,warriors,golden state,california,1946,golden state warriors,1610612744,74,40,34,0.541,3582.0,2023-24,114.6,112.9,1.7,101.9,20.0,0.276,0.759,0.519,0.138,20,17,17,17,21,11,16,15,7,3,16,3,22,11
1610612744,golden state warriors,gsw,warriors,golden state,california,1946,golden state warriors,1610612744,82,44,38,0.537,3966.0,2022-23,113.5,111.4,2.1,104.2,20.4,0.244,0.76,0.507,0.155,1,11,11,11,12,9,12,10,2,14,16,10,29,1
1610612744,golden state warriors,gsw,warriors,golden state,california,1946,golden state warriors,1610612744,82,53,29,0.646,3946.0,2021-22,110.5,103.9,6.5,100.7,19.5,0.228,0.787,0.516,0.148,1,3,3,3,24,15,1,3,3,18,2,4,29,14
1610612744,golden state warriors,gsw,warriors,golden state,california,1946,golden state warriors,1610612744,72,39,33,0.542,3461.0,2020-21,108.8,107.7,1.1,104.4,19.6,0.179,0.766,0.476,0.144,1,14,14,14,24,19,5,14,2,30,25,28,24,2
1610612744,golden state warriors,gsw,warriors,golden state,california,1946,golden state warriors,1610612744,65,15,50,0.231,3145.0,2019-20,102.9,110.9,-8.0,102.7,18.2,0.215,0.764,0.48,0.144,26,30,30,30,27,30,26,28,8,23,23,27,19,14
1610612745,houston rockets,hou,rockets,houston,texas,1967,houston rockets,1610612745,74,38,36,0.514,3582.0,2023-24,111.4,110.1,1.3,101.5,17.6,0.252,0.764,0.506,0.125,20,19,19,19,21,21,8,17,29,9,11,12,8,12
1610612745,houston rockets,hou,rockets,houston,texas,1967,houston rockets,1610612745,82,22,60,0.268,3951.0,2022-23,107.7,116.9,-9.2,101.8,16.0,0.302,0.758,0.527,0.158,1,28,28,28,25,28,29,29,30,1,20,1,30,13
1610612745,houston rockets,hou,rockets,houston,texas,1967,houston rockets,1610612745,82,20,62,0.244,3951.0,2021-22,105.4,114.4,-9.0,103.3,17.1,0.217,0.744,0.479,0.158,1,30,30,30,19,27,30,30,25,22,29,30,30,2
1610612745,houston rockets,hou,rockets,houston,texas,1967,houston rockets,1610612745,72,17,55,0.236,3461.0,2020-21,104.9,112.4,-7.5,103.6,17.2,0.198,0.771,0.472,0.142,1,30,30,30,24,27,28,27,25,28,22,30,22,6
1610612745,houston rockets,hou,rockets,houston,texas,1967,houston rockets,1610612745,72,44,28,0.611,3476.0,2019-20,110.3,107.4,2.9,106.3,15.5,0.21,0.756,0.48,0.137,11,8,7,8,16,7,13,7,29,25,25,26,10,2
1610612746,los angeles clippers,lac,clippers,los angeles,california,1970,la clippers,1610612746,74,47,27,0.635,3557.0,2023-24,117.1,113.0,4.1,99.4,18.9,0.244,0.747,0.504,0.131,20,5,5,5,27,4,17,6,18,16,23,14,15,22
1610612746,los angeles clippers,lac,clippers,los angeles,california,1970,la clippers,1610612746,82,44,38,0.537,3966.0,2022-23,112.4,112.0,0.3,100.2,17.5,0.229,0.766,0.501,0.141,1,11,11,11,12,13,19,16,23,19,11,17,18,24
1610612746,los angeles clippers,lac,clippers,los angeles,california,1970,la clippers,1610612746,82,42,40,0.512,3956.0,2021-22,107.7,107.5,0.2,100.2,17.7,0.206,0.744,0.483,0.136,1,18,18,18,13,24,8,18,19,27,30,28,13,18
1610612746,los angeles clippers,lac,clippers,los angeles,california,1970,la clippers,1610612746,72,47,25,0.653,3456.0,2020-21,115.2,108.7,6.6,99.1,18.1,0.227,0.791,0.517,0.133,1,5,5,5,30,2,8,2,12,12,6,5,14,28
1610612746,los angeles clippers,lac,clippers,los angeles,california,1970,la clippers,1610612746,72,49,23,0.681,3476.0,2019-20,111.1,105.3,5.7,103.9,16.9,0.235,0.776,0.513,0.139,11,4,4,4,16,3,6,5,20,9,15,5,11,9
1610612747,los angeles lakers,lal,lakers,los angeles,california,1948,los angeles lakers,1610612747,75,42,33,0.56,3635.0,2023-24,113.4,112.8,0.5,103.0,20.1,0.196,0.761,0.494,0.133,4,15,14,15,5,15,15,18,6,30,14,20,16,4
1610612747,los angeles lakers,lal,lakers,los angeles,california,1948,los angeles lakers,1610612747,82,43,39,0.524,3976.0,2022-23,111.8,111.5,0.3,103.6,17.9,0.228,0.763,0.505,0.134,1,14,14,14,5,19,16,16,18,20,13,12,11,5
1610612747,los angeles lakers,lal,lakers,los angeles,california,1948,los angeles lakers,1610612747,82,33,49,0.402,3996.0,2021-22,107.9,110.9,-3.0,102.3,17.3,0.211,0.758,0.486,0.14,1,23,23,23,1,23,21,23,22,25,22,24,20,5
1610612747,los angeles lakers,lal,lakers,los angeles,california,1948,los angeles lakers,1610612747,72,42,30,0.583,3491.0,2020-21,107.5,104.8,2.7,100.8,18.0,0.225,0.797,0.513,0.149,1,8,8,8,4,24,1,8,15,14,4,8,28,16
1610612747,los angeles lakers,lal,lakers,los angeles,california,1948,los angeles lakers,1610612747,71,52,19,0.732,3418.0,2019-20,109.6,103.8,5.8,103.3,18.0,0.245,0.788,0.52,0.147,21,3,2,3,22,12,3,4,10,4,7,3,23,11
1610612748,miami heat,mia,heat,miami,florida,1988,miami heat,1610612748,74,41,33,0.554,3557.0,2023-24,111.5,109.7,1.7,98.6,19.0,0.217,0.781,0.495,0.127,20,16,14,16,27,20,6,15,16,25,2,19,9,28
1610612748,miami heat,mia,heat,miami,florida,1988,miami heat,1610612748,82,44,38,0.537,3961.0,2022-23,110.4,110.6,-0.2,98.6,17.8,0.228,0.777,0.492,0.136,1,11,11,11,18,25,9,21,21,21,5,22,13,29
1610612748,miami heat,mia,heat,miami,florida,1988,miami heat,1610612748,82,53,29,0.646,3971.0,2021-22,111.2,106.3,4.9,98.2,18.8,0.235,0.78,0.512,0.147,1,3,3,3,5,10,5,6,6,12,9,8,28,29
1610612748,miami heat,mia,heat,miami,florida,1988,miami heat,1610612748,72,40,32,0.556,3476.0,2020-21,109.1,108.5,0.6,98.7,19.5,0.194,0.779,0.492,0.142,1,13,13,13,16,17,7,16,3,29,15,21,23,29
1610612748,miami heat,mia,heat,miami,florida,1988,miami heat,1610612748,73,44,29,0.603,3549.0,2019-20,110.0,107.2,2.8,100.5,18.8,0.203,0.795,0.511,0.146,3,8,11,11,3,10,11,9,4,27,3,7,22,27
1610612749,milwaukee bucks,mil,bucks,milwaukee,wisconsin,1968,milwaukee bucks,1610612749,74,47,27,0.635,3577.0,2023-24,116.9,112.8,4.0,102.6,19.0,0.215,0.77,0.5,0.123,20,5,5,5,23,5,14,7,17,27,5,16,6,5
1610612749,milwaukee bucks,mil,bucks,milwaukee,wisconsin,1968,milwaukee bucks,1610612749,82,58,24,0.707,3966.0,2022-23,112.8,109.4,3.3,102.8,18.1,0.25,0.778,0.524,0.141,1,1,1,1,12,11,4,5,16,9,3,3,19,11
1610612749,milwaukee bucks,mil,bucks,milwaukee,wisconsin,1968,milwaukee bucks,1610612749,82,51,31,0.622,3951.0,2021-22,112.5,109.4,3.1,102.2,17.3,0.23,0.786,0.514,0.131,1,6,6,6,19,4,14,8,21,15,3,5,10,7
1610612749,milwaukee bucks,mil,bucks,milwaukee,wisconsin,1968,milwaukee bucks,1610612749,72,46,26,0.639,3466.0,2020-21,114.7,109.1,5.5,104.4,18.0,0.233,0.797,0.526,0.132,1,7,7,7,22,6,10,6,13,9,3,3,12,2
1610612749,milwaukee bucks,mil,bucks,milwaukee,wisconsin,1968,milwaukee bucks,1610612749,73,56,17,0.767,3519.0,2019-20,110.5,100.6,9.9,107.2,18.0,0.207,0.816,0.53,0.141,3,1,1,1,6,4,1,1,11,26,1,1,13,1
1610612750,minnesota timberwolves,min,timberwolves,minnesota,minnesota,1989,minnesota timberwolves,1610612750,74,51,23,0.689,3577.0,2023-24,113.0,106.0,7.0,99.4,19.3,0.232,0.769,0.514,0.141,20,4,3,4,23,16,1,3,13,21,6,7,23,22
1610612750,minnesota timberwolves,min,timberwolves,minnesota,minnesota,1989,minnesota timberwolves,1610612750,82,42,40,0.512,3966.0,2022-23,111.3,111.1,0.2,103.4,18.6,0.215,0.743,0.484,0.147,1,15,15,15,12,23,11,20,10,27,26,26,25,7
1610612750,minnesota timberwolves,min,timberwolves,minnesota,minnesota,1989,minnesota timberwolves,1610612750,82,46,36,0.561,3956.0,2021-22,111.3,109.1,2.1,103.5,18.1,0.244,0.749,0.49,0.138,1,12,12,12,13,9,13,11,12,7,27,20,16,1
1610612750,minnesota timberwolves,min,timberwolves,minnesota,minnesota,1989,minnesota timberwolves,1610612750,72,23,49,0.319,3481.0,2020-21,107.0,112.1,-5.2,104.1,18.0,0.227,0.768,0.487,0.136,1,25,25,25,11,25,27,26,14,13,24,24,17,4
1610612750,minnesota timberwolves,min,timberwolves,minnesota,minnesota,1989,minnesota timberwolves,1610612750,64,19,45,0.297,3112.0,2019-20,105.3,110.0,-4.7,105.9,16.7,0.221,0.772,0.486,0.142,30,28,24,28,30,24,21,25,26,19,18,23,17,4
1610612751,brooklyn nets,bkn,nets,brooklyn,new york,1976,brooklyn nets,1610612751,76,29,47,0.382,3673.0,2023-24,110.8,113.4,-2.6,99.6,18.8,0.251,0.761,0.497,0.129,1,22,23,23,2,22,20,22,19,10,13,18,14,20
1610612751,brooklyn nets,bkn,nets,brooklyn,new york,1976,brooklyn nets,1610612751,82,45,37,0.549,3946.0,2022-23,113.0,110.9,2.1,100.7,18.9,0.196,0.737,0.473,0.137,1,9,9,9,29,10,10,10,6,29,28,29,15,20
1610612751,brooklyn nets,bkn,nets,brooklyn,new york,1976,brooklyn nets,1610612751,82,44,38,0.537,3951.0,2021-22,111.0,109.6,1.3,101.6,18.3,0.239,0.751,0.502,0.138,1,14,14,14,19,13,15,15,9,10,25,14,18,10
1610612751,brooklyn nets,bkn,nets,brooklyn,new york,1976,brooklyn nets,1610612751,72,48,24,0.667,3481.0,2020-21,116.3,110.6,5.7,101.8,19.3,0.214,0.773,0.508,0.133,1,4,4,4,11,1,21,4,5,19,21,12,13,11
1610612751,brooklyn nets,bkn,nets,brooklyn,new york,1976,brooklyn nets,1610612751,72,35,37,0.486,3496.0,2019-20,106.0,107.1,-1.1,104.0,17.3,0.232,0.778,0.511,0.145,11,14,14,14,11,23,9,19,19,10,12,8,21,8
1610612752,new york knicks,nyk,knicks,new york,new york,1946,new york knicks,1610612752,74,44,30,0.595,3557.0,2023-24,113.8,110.7,3.1,98.1,17.7,0.297,0.766,0.531,0.134,20,10,8,10,27,14,9,9,28,1,9,1,17,30
1610612752,new york knicks,nyk,knicks,new york,new york,1946,new york knicks,1610612752,82,47,35,0.573,3991.0,2022-23,114.9,111.8,3.1,99.7,16.6,0.283,0.771,0.526,0.129,1,8,8,8,2,5,18,7,29,2,9,2,5,25
1610612752,new york knicks,nyk,knicks,new york,new york,1946,new york knicks,1610612752,82,37,45,0.451,3956.0,2021-22,108.0,107.6,0.4,98.4,16.4,0.251,0.788,0.514,0.134,1,19,19,19,13,22,9,17,29,6,1,6,12,26
1610612752,new york knicks,nyk,knicks,new york,new york,1946,new york knicks,1610612752,72,41,31,0.569,3486.0,2020-21,108.2,105.7,2.5,98.2,16.3,0.219,0.786,0.506,0.131,1,11,11,11,6,22,4,9,27,16,8,13,10,30
1610612752,new york knicks,nyk,knicks,new york,new york,1946,new york knicks,1610612752,66,21,45,0.318,3193.0,2019-20,103.8,110.6,-6.8,100.9,16.0,0.258,0.783,0.513,0.141,24,25,24,25,24,29,23,26,28,1,10,4,14,23
1610612753,orlando magic,orl,magic,orlando,florida,1989,orlando magic,1610612753,75,44,31,0.587,3620.0,2023-24,110.7,108.2,2.4,99.3,18.1,0.256,0.778,0.515,0.149,4,10,11,11,10,23,2,12,25,7,3,6,27,25
1610612753,orlando magic,orl,magic,orlando,florida,1989,orlando magic,1610612753,82,34,48,0.415,3956.0,2022-23,109.0,111.5,-2.4,101.7,17.0,0.238,0.777,0.507,0.148,1,25,25,25,22,26,15,24,27,15,4,11,27,14
1610612753,orlando magic,orl,magic,orlando,florida,1989,orlando magic,1610612753,82,22,60,0.268,3956.0,2021-22,101.8,110.3,-8.5,101.5,17.4,0.198,0.772,0.484,0.142,1,29,29,29,13,30,19,28,20,30,12,26,24,11
1610612753,orlando magic,orl,magic,orlando,florida,1989,orlando magic,1610612753,72,21,51,0.292,3466.0,2020-21,102.9,112.1,-9.2,100.8,16.3,0.216,0.782,0.49,0.127,1,28,28,28,22,29,25,29,28,18,12,23,5,16
1610612753,orlando magic,orl,magic,orlando,florida,1989,orlando magic,1610612753,73,33,40,0.452,3514.0,2019-20,106.1,107.1,-1.0,100.9,17.5,0.223,0.791,0.498,0.127,3,18,19,18,9,22,10,18,17,16,5,16,4,23
1610612754,indiana pacers,ind,pacers,indiana,indiana,1976,indiana pacers,1610612754,76,43,33,0.566,3653.0,2023-24,117.5,115.5,1.9,104.3,20.9,0.235,0.741,0.487,0.124,1,13,14,14,3,3,24,14,1,19,26,24,7,2
1610612754,indiana pacers,ind,pacers,indiana,indiana,1976,indiana pacers,1610612754,82,35,47,0.427,3951.0,2022-23,111.0,115.4,-4.4,103.8,18.9,0.234,0.722,0.478,0.142,1,23,23,23,25,24,26,26,7,18,30,28,20,3
1610612754,indiana pacers,ind,pacers,indiana,indiana,1976,indiana pacers,1610612754,82,25,57,0.305,3976.0,2021-22,109.2,113.9,-4.6,100.5,18.1,0.255,0.762,0.504,0.141,1,26,26,26,3,19,28,24,11,4,19,13,23,16
1610612754,indiana pacers,ind,pacers,indiana,indiana,1976,indiana pacers,1610612754,72,34,38,0.472,3491.0,2020-21,109.9,109.6,0.3,104.0,19.2,0.202,0.749,0.477,0.129,1,17,17,17,4,14,11,17,6,26,30,27,7,5
1610612754,indiana pacers,ind,pacers,indiana,indiana,1976,indiana pacers,1610612754,73,45,28,0.616,3524.0,2019-20,107.9,105.1,2.9,101.3,18.9,0.2,0.767,0.486,0.131,3,7,7,7,5,18,5,7,3,29,21,24,5,19
1610612755,philadelphia 76ers,phi,76ers,philadelphia,pennsylvania,1949,philadelphia 76ers,1610612755,75,40,35,0.533,3610.0,2023-24,114.0,112.0,2.0,100.0,17.9,0.251,0.742,0.491,0.118,4,17,18,18,15,13,12,13,27,11,25,21,1,19
1610612755,philadelphia 76ers,phi,76ers,philadelphia,pennsylvania,1949,philadelphia 76ers,1610612755,82,54,28,0.659,3976.0,2022-23,115.5,110.2,5.2,99.2,18.6,0.216,0.772,0.499,0.137,1,3,3,3,5,3,8,3,9,26,8,19,16,27
1610612755,philadelphia 76ers,phi,76ers,philadelphia,pennsylvania,1949,philadelphia 76ers,1610612755,82,51,31,0.622,3961.0,2021-22,111.0,108.3,2.7,98.4,17.9,0.201,0.768,0.489,0.126,1,6,6,6,8,11,12,9,16,29,17,22,4,26
1610612755,philadelphia 76ers,phi,76ers,philadelphia,pennsylvania,1949,philadelphia 76ers,1610612755,72,49,23,0.681,3486.0,2020-21,110.8,105.1,5.7,101.8,17.2,0.232,0.782,0.512,0.141,1,3,3,3,6,12,2,4,24,10,11,9,20,11
1610612755,philadelphia 76ers,phi,76ers,philadelphia,pennsylvania,1949,philadelphia 76ers,1610612755,73,43,30,0.589,3519.0,2019-20,109.1,106.3,2.8,101.3,18.5,0.239,0.803,0.521,0.14,3,12,12,12,6,13,7,9,6,6,2,2,12,19
1610612756,phoenix suns,phx,suns,phoenix,arizona,1968,phoenix suns,1610612756,75,44,31,0.587,3620.0,2023-24,115.3,112.2,3.1,100.9,19.3,0.255,0.754,0.519,0.147,4,10,11,11,10,8,13,9,11,8,19,4,25,15
1610612756,phoenix suns,phx,suns,phoenix,arizona,1968,phoenix suns,1610612756,82,45,37,0.549,3956.0,2022-23,112.1,110.1,2.1,100.8,19.3,0.266,0.76,0.508,0.134,1,9,9,9,22,17,7,10,4,5,17,8,10,18
1610612756,phoenix suns,phx,suns,phoenix,arizona,1968,phoenix suns,1610612756,82,64,18,0.78,3946.0,2021-22,112.5,104.7,7.8,102.0,19.5,0.223,0.771,0.505,0.127,1,1,1,1,24,3,3,2,5,19,13,12,5,9
1610612756,phoenix suns,phx,suns,phoenix,arizona,1968,phoenix suns,1610612756,72,51,21,0.708,3496.0,2020-21,114.9,108.8,6.1,99.3,19.6,0.208,0.785,0.501,0.125,1,2,2,2,1,4,9,3,1,25,9,14,4,26
1610612756,phoenix suns,phx,suns,phoenix,arizona,1968,phoenix suns,1610612756,73,34,39,0.466,3519.0,2019-20,109.7,108.4,1.4,103.7,19.2,0.222,0.788,0.501,0.142,3,16,15,16,6,11,16,14,1,17,8,15,16,10
1610612757,portland trail blazers,por,trail blazers,portland,oregon,1970,portland trail blazers,1610612757,75,19,56,0.253,3640.0,2023-24,105.6,114.8,-9.3,100.1,16.8,0.269,0.735,0.489,0.15,4,26,26,26,4,29,23,29,30,5,28,23,29,18
1610612757,portland trail blazers,por,trail blazers,portland,oregon,1970,portland trail blazers,1610612757,82,33,49,0.402,3946.0,2022-23,112.0,116.0,-4.0,101.0,17.8,0.224,0.749,0.484,0.143,1,26,26,26,29,18,27,25,19,24,25,25,22,17
1610612757,portland trail blazers,por,trail blazers,portland,oregon,1970,portland trail blazers,1610612757,82,27,55,0.329,3946.0,2021-22,105.5,114.0,-8.5,100.6,17.0,0.229,0.769,0.489,0.144,1,25,25,25,24,26,29,28,26,17,15,21,26,15
1610612757,portland trail blazers,por,trail blazers,portland,oregon,1970,portland trail blazers,1610612757,72,42,30,0.583,3461.0,2020-21,114.9,113.4,1.5,100.8,15.9,0.23,0.775,0.495,0.11,1,8,8,8,24,5,29,12,30,11,19,16,1,16
1610612757,portland trail blazers,por,trail blazers,portland,oregon,1970,portland trail blazers,1610612757,74,35,39,0.473,3567.0,2019-20,111.1,111.8,-0.7,103.2,15.2,0.224,0.753,0.491,0.124,2,14,15,15,2,2,27,17,30,15,27,20,3,13
1610612758,sacramento kings,sac,kings,sacramento,california,1948,sacramento kings,1610612758,74,43,31,0.581,3587.0,2023-24,114.0,113.7,0.3,101.4,20.0,0.241,0.785,0.508,0.129,20,13,11,13,20,12,21,19,8,18,1,10,12,14
1610612758,sacramento kings,sac,kings,sacramento,california,1948,sacramento kings,1610612758,82,48,34,0.585,3966.0,2022-23,117.0,114.1,2.9,102.5,19.3,0.227,0.772,0.502,0.131,1,7,7,7,12,1,25,8,3,22,7,16,7,12
1610612758,sacramento kings,sac,kings,sacramento,california,1948,sacramento kings,1610612758,82,30,52,0.366,3961.0,2021-22,107.2,112.9,-5.7,102.1,17.3,0.213,0.76,0.484,0.137,1,24,24,24,8,25,27,25,23,23,21,27,15,8
1610612758,sacramento kings,sac,kings,sacramento,california,1948,sacramento kings,1610612758,72,31,41,0.431,3461.0,2020-21,111.1,114.6,-3.5,102.2,18.4,0.213,0.75,0.478,0.131,1,21,21,21,24,10,30,24,10,20,29,26,9,10
1610612758,sacramento kings,sac,kings,sacramento,california,1948,sacramento kings,1610612758,72,31,41,0.431,3491.0,2019-20,107.8,109.6,-1.8,101.2,17.4,0.219,0.784,0.495,0.142,11,20,20,20,12,19,20,21,18,20,9,19,15,21
1610612759,san antonio spurs,sas,spurs,san antonio,texas,1976,san antonio spurs,1610612759,75,18,57,0.24,3620.0,2023-24,107.8,114.7,-6.9,103.5,20.5,0.23,0.76,0.491,0.144,4,27,27,27,10,26,22,25,3,23,15,22,24,3
1610612759,san antonio spurs,sas,spurs,san antonio,texas,1976,san antonio spurs,1610612759,82,22,60,0.268,3971.0,2022-23,107.2,117.7,-10.5,104.1,18.7,0.256,0.749,0.493,0.145,1,28,28,28,8,29,30,30,8,7,24,21,24,2
1610612759,san antonio spurs,sas,spurs,san antonio,texas,1976,san antonio spurs,1610612759,82,34,48,0.415,3961.0,2021-22,109.4,110.0,-0.6,102.4,19.5,0.237,0.751,0.492,0.123,1,22,22,22,8,17,16,20,4,11,26,19,2,4
1610612759,san antonio spurs,sas,spurs,san antonio,texas,1976,san antonio spurs,1610612759,72,33,39,0.458,3496.0,2020-21,108.6,110.7,-2.1,101.0,17.9,0.2,0.773,0.481,0.111,1,19,19,19,1,21,22,22,16,27,20,25,2,15
1610612759,san antonio spurs,sas,spurs,san antonio,texas,1976,san antonio spurs,1610612759,71,32,39,0.451,3443.0,2019-20,110.4,110.9,-0.5,102.6,17.9,0.201,0.792,0.496,0.122,21,19,15,19,21,6,25,15,12,28,4,17,1,15
1610612760,oklahoma city thunder,okc,thunder,oklahoma city,oklahoma,1967,oklahoma city thunder,1610612760,74,52,22,0.703,3577.0,2023-24,117.5,109.5,8.0,102.1,19.3,0.212,0.733,0.483,0.122,20,2,2,2,23,2,5,2,12,28,29,27,5,10
1610612760,oklahoma city thunder,okc,thunder,oklahoma city,oklahoma,1967,oklahoma city thunder,1610612760,82,40,42,0.488,3971.0,2022-23,112.3,111.4,0.8,103.6,17.2,0.247,0.729,0.484,0.125,1,19,19,19,8,15,13,14,26,13,29,27,4,5
1610612760,oklahoma city thunder,okc,thunder,oklahoma city,oklahoma,1967,oklahoma city thunder,1610612760,82,24,58,0.293,3961.0,2021-22,102.2,110.2,-8.0,100.8,16.4,0.218,0.761,0.485,0.138,1,27,27,27,8,29,17,27,28,21,20,25,17,13
1610612760,oklahoma city thunder,okc,thunder,oklahoma city,oklahoma,1967,oklahoma city thunder,1610612760,72,22,50,0.306,3471.0,2020-21,101.3,111.9,-10.5,103.1,16.1,0.212,0.779,0.492,0.156,1,26,26,26,19,30,24,30,29,22,14,20,30,7
1610612760,oklahoma city thunder,okc,thunder,oklahoma city,oklahoma,1967,oklahoma city thunder,1610612760,72,44,28,0.611,3486.0,2019-20,108.4,106.3,2.1,101.1,16.3,0.193,0.768,0.489,0.134,11,8,7,8,13,15,8,12,27,30,20,22,8,22
1610612761,toronto raptors,tor,raptors,toronto,ontario,1995,toronto raptors,1610612761,74,23,51,0.311,3577.0,2023-24,110.4,115.6,-5.1,101.5,20.3,0.244,0.738,0.485,0.135,20,25,25,25,23,24,25,23,4,17,27,26,19,12
1610612761,toronto raptors,tor,raptors,toronto,ontario,1995,toronto raptors,1610612761,82,41,41,0.5,3961.0,2022-23,112.2,111.4,0.8,99.6,17.2,0.278,0.767,0.504,0.116,1,17,17,17,18,16,14,14,25,3,10,13,1,26
1610612761,toronto raptors,tor,raptors,toronto,ontario,1995,toronto raptors,1610612761,82,48,34,0.585,3971.0,2021-22,109.6,107.9,1.7,98.6,16.1,0.284,0.756,0.507,0.125,1,10,10,10,5,16,11,13,30,2,24,11,3,25
1610612761,toronto raptors,tor,raptors,toronto,ontario,1995,toronto raptors,1610612761,72,27,45,0.375,3461.0,2020-21,109.3,109.8,-0.5,101.6,17.7,0.208,0.763,0.476,0.13,1,24,24,24,24,16,12,18,19,24,27,29,8,13
1610612761,toronto raptors,tor,raptors,toronto,ontario,1995,toronto raptors,1610612761,72,53,19,0.736,3476.0,2019-20,109.0,102.0,7.0,103.3,18.1,0.213,0.767,0.496,0.143,11,2,2,2,16,14,2,2,9,24,22,18,18,11
1610612762,utah jazz,uta,jazz,utah,utah,1974,utah jazz,1610612762,75,29,46,0.387,3625.0,2023-24,112.4,117.5,-5.2,102.3,19.1,0.282,0.756,0.521,0.151,4,22,22,22,7,18,30,24,15,2,17,2,30,8
1610612762,utah jazz,uta,jazz,utah,utah,1974,utah jazz,1610612762,82,37,45,0.451,3961.0,2022-23,112.7,113.8,-1.1,103.1,18.2,0.268,0.752,0.514,0.148,1,22,22,22,18,12,23,22,14,4,23,4,28,9
1610612762,utah jazz,uta,jazz,utah,utah,1974,utah jazz,1610612762,82,49,33,0.598,3946.0,2021-22,114.0,107.7,6.2,99.5,16.7,0.254,0.783,0.527,0.14,1,9,9,9,24,2,10,4,27,5,5,2,22,22
1610612762,utah jazz,uta,jazz,utah,utah,1974,utah jazz,1610612762,72,52,20,0.722,3471.0,2020-21,115.1,105.7,9.4,100.8,17.3,0.245,0.793,0.531,0.14,1,1,1,1,19,3,3,1,22,3,5,2,19,16
1610612762,utah jazz,uta,jazz,utah,utah,1974,utah jazz,1610612762,72,44,28,0.611,3471.0,2019-20,110.0,107.4,2.6,100.8,16.8,0.216,0.789,0.513,0.149,11,8,7,8,19,9,12,11,24,22,6,6,25,26
1610612763,memphis grizzlies,mem,grizzlies,memphis,tennessee,1995,memphis grizzlies,1610612763,75,25,50,0.333,3620.0,2023-24,104.2,111.9,-7.7,100.8,18.1,0.232,0.749,0.481,0.149,4,24,24,24,10,30,11,26,26,22,20,28,26,16
1610612763,memphis grizzlies,mem,grizzlies,memphis,tennessee,1995,memphis grizzlies,1610612763,82,51,31,0.622,3956.0,2022-23,112.3,108.3,4.0,103.7,18.2,0.265,0.759,0.512,0.131,1,5,5,5,22,14,2,4,15,6,18,6,6,4
1610612763,memphis grizzlies,mem,grizzlies,memphis,tennessee,1995,memphis grizzlies,1610612763,82,56,26,0.683,3956.0,2021-22,111.6,106.2,5.4,103.1,17.9,0.3,0.778,0.533,0.127,1,2,2,2,13,8,4,5,15,1,10,1,6,3
1610612763,memphis grizzlies,mem,grizzlies,memphis,tennessee,1995,memphis grizzlies,1610612763,72,38,34,0.528,3481.0,2020-21,109.7,108.5,1.2,102.6,18.9,0.242,0.783,0.51,0.129,1,15,15,15,11,15,6,13,9,6,10,11,6,8
1610612763,memphis grizzlies,mem,grizzlies,memphis,tennessee,1995,memphis grizzlies,1610612763,73,34,39,0.466,3514.0,2019-20,106.9,107.5,-0.6,105.3,18.7,0.23,0.778,0.509,0.145,3,16,15,16,9,20,14,16,5,12,13,10,20,6
1610612764,washington wizards,was,wizards,washington,district of columbia,1961,washington wizards,1610612764,75,14,61,0.187,3610.0,2023-24,108.0,116.8,-8.8,104.8,19.5,0.204,0.725,0.457,0.134,4,29,29,29,15,25,28,28,9,29,30,30,18,1
1610612764,washington wizards,was,wizards,washington,district of columbia,1961,washington wizards,1610612764,82,35,47,0.427,3951.0,2022-23,111.5,113.3,-1.8,100.8,18.5,0.226,0.761,0.504,0.139,1,23,23,23,25,22,21,23,13,23,15,14,17,18
1610612764,washington wizards,was,wizards,washington,district of columbia,1961,washington wizards,1610612764,82,35,47,0.427,3966.0,2021-22,108.9,111.7,-2.8,99.3,18.5,0.209,0.769,0.494,0.132,1,21,21,21,7,21,25,22,8,26,14,18,11,23
1610612764,washington wizards,was,wizards,washington,district of columbia,1961,washington wizards,1610612764,72,34,38,0.472,3481.0,2020-21,108.9,110.5,-1.7,106.4,17.8,0.213,0.776,0.495,0.134,1,17,17,17,11,18,18,21,17,21,18,17,16,1
1610612764,washington wizards,was,wizards,washington,district of columbia,1961,washington wizards,1610612764,72,25,47,0.347,3471.0,2019-20,108.2,112.7,-4.5,105.2,17.6,0.222,0.753,0.477,0.134,11,22,28,23,19,16,29,24,16,18,28,30,6,7
1610612765,detroit pistons,det,pistons,detroit,michigan,1948,detroit pistons,1610612765,75,13,62,0.173,3615.0,2023-24,107.7,116.2,-8.4,102.3,18.3,0.245,0.777,0.507,0.15,4,30,30,30,14,27,26,27,22,15,4,11,28,8
1610612765,detroit pistons,det,pistons,detroit,michigan,1948,detroit pistons,1610612765,82,17,65,0.207,3961.0,2022-23,107.8,116.1,-8.2,101.6,16.7,0.249,0.74,0.487,0.147,1,30,30,30,18,27,28,28,28,10,27,24,26,15
1610612765,detroit pistons,det,pistons,detroit,michigan,1948,detroit pistons,1610612765,82,23,59,0.28,3956.0,2021-22,103.3,111.1,-7.9,100.9,17.1,0.234,0.756,0.482,0.14,1,28,28,28,13,28,24,26,24,13,23,29,19,12
1610612765,detroit pistons,det,pistons,detroit,michigan,1948,detroit pistons,1610612765,72,20,52,0.278,3486.0,2020-21,105.4,110.3,-4.9,100.1,17.8,0.219,0.769,0.491,0.148,1,29,29,29,6,26,16,25,18,17,23,22,26,22
1610612765,detroit pistons,det,pistons,detroit,michigan,1948,detroit pistons,1610612765,66,20,46,0.303,3193.0,2019-20,106.1,110.4,-4.3,99.9,17.7,0.226,0.759,0.489,0.151,24,26,26,26,24,21,22,23,13,14,24,21,27,28
1610612766,charlotte hornets,cha,hornets,charlotte,north carolina,1988,charlotte hornets,1610612766,75,18,57,0.24,3610.0,2023-24,106.8,117.1,-10.4,99.4,18.2,0.216,0.749,0.472,0.137,4,27,27,27,15,28,29,30,23,26,21,29,21,22
1610612766,charlotte hornets,cha,hornets,charlotte,north carolina,1988,charlotte hornets,1610612766,82,27,55,0.329,3966.0,2022-23,106.7,112.6,-5.9,103.3,17.8,0.238,0.755,0.491,0.137,1,27,27,27,12,30,20,27,20,16,22,23,14,8
1610612766,charlotte hornets,cha,hornets,charlotte,north carolina,1988,charlotte hornets,1610612766,82,43,39,0.524,3976.0,2021-22,111.7,111.0,0.7,102.3,19.6,0.233,0.748,0.487,0.128,1,16,16,16,3,7,22,16,2,14,28,23,9,5
1610612766,charlotte hornets,cha,hornets,charlotte,north carolina,1988,charlotte hornets,1610612766,72,33,39,0.458,3471.0,2020-21,108.1,110.6,-2.5,100.6,19.2,0.235,0.757,0.492,0.147,1,19,19,19,19,23,20,23,7,8,28,19,25,21
1610612766,charlotte hornets,cha,hornets,charlotte,north carolina,1988,charlotte hornets,1610612766,65,23,42,0.354,3150.0,2019-20,103.9,110.6,-6.8,98.1,17.7,0.239,0.744,0.482,0.147,26,23,21,22,26,28,24,26,15,7,30,25,24,30
